0.00000 0.13364 -0.01652 0.34623 0.99788 -0.01592 0.04350 -0.04580 -0.01302 0.43134 -1.22729 -0.11704 0.48775 -1.44552 0.03714 0.49463 -1.07766 -0.01486 0.47162 -1.15595
0.01667 0.13350 -0.01616 0.34675 0.99790 -0.01663 0.04276 -0.04574 -0.00391 0.44168 -1.22941 -0.10897 0.51555 -1.43559 0.04078 0.49862 -1.07541 -0.01555 0.48804 -1.15988
0.03333 0.13341 -0.01588 0.34736 0.99792 -0.01713 0.04205 -0.04572 0.00332 0.45072 -1.22956 -0.10403 0.54126 -1.42735 0.04363 0.50287 -1.07324 -0.01492 0.50240 -1.16168
0.05000 0.13336 -0.01563 0.34791 0.99795 -0.01739 0.04135 -0.04571 0.00882 0.45864 -1.22891 -0.10174 0.56507 -1.42059 0.04574 0.50694 -1.07205 -0.01363 0.51522 -1.16258
0.06667 0.13333 -0.01540 0.34835 0.99797 -0.01749 0.04070 -0.04571 0.01291 0.46550 -1.22807 -0.10140 0.58699 -1.41515 0.04731 0.51041 -1.07202 -0.01191 0.52677 -1.16305
0.08333 0.13332 -0.01519 0.34867 0.99800 -0.01747 0.04014 -0.04571 0.01586 0.47122 -1.22726 -0.10237 0.60687 -1.41083 0.04845 0.51297 -1.07286 -0.00987 0.53712 -1.16316
0.10000 0.13333 -0.01500 0.34887 0.99801 -0.01738 0.03968 -0.04571 0.01788 0.47580 -1.22655 -0.10414 0.62447 -1.40743 0.04927 0.51454 -1.07422 -0.00763 0.54628 -1.16290
0.11667 0.13333 -0.01483 0.34900 0.99803 -0.01723 0.03933 -0.04572 0.01914 0.47927 -1.22601 -0.10637 0.63952 -1.40484 0.04984 0.51511 -1.07585 -0.00527 0.55432 -1.16225
0.13333 0.13334 -0.01467 0.34906 0.99804 -0.01704 0.03909 -0.04573 0.01978 0.48172 -1.22562 -0.10885 0.65197 -1.40295 0.05024 0.51475 -1.07747 -0.00289 0.56131 -1.16119
0.15000 0.13333 -0.01452 0.34908 0.99805 -0.01683 0.03893 -0.04575 0.01996 0.48328 -1.22532 -0.11145 0.66201 -1.40165 0.05051 0.51355 -1.07892 -0.00053 0.56737 -1.15973
0.16667 0.13333 -0.01439 0.34908 0.99806 -0.01659 0.03884 -0.04577 0.01980 0.48413 -1.22508 -0.11404 0.66996 -1.40081 0.05068 0.51166 -1.08011 0.00174 0.57263 -1.15791
0.18333 0.13332 -0.01426 0.34906 0.99806 -0.01634 0.03879 -0.04579 0.01940 0.48445 -1.22487 -0.11656 0.67616 -1.40032 0.05078 0.50925 -1.08103 0.00392 0.57724 -1.15580
0.20000 0.13331 -0.01415 0.34905 0.99807 -0.01609 0.03878 -0.04582 0.01886 0.48438 -1.22469 -0.11895 0.68094 -1.40008 0.05083 0.50645 -1.08170 0.00597 0.58130 -1.15347
0.21667 0.13331 -0.01404 0.34903 0.99807 -0.01583 0.03879 -0.04584 0.01822 0.48406 -1.22452 -0.12119 0.68457 -1.40002 0.05085 0.50338 -1.08216 0.00789 0.58489 -1.15100
0.23333 0.13330 -0.01394 0.34901 0.99807 -0.01557 0.03882 -0.04587 0.01754 0.48359 -1.22436 -0.12326 0.68729 -1.40006 0.05086 0.50017 -1.08246 0.00968 0.58809 -1.14843
0.25000 0.13330 -0.01384 0.34900 0.99807 -0.01531 0.03885 -0.04590 0.01684 0.48306 -1.22421 -0.12516 0.68929 -1.40016 0.05087 0.49692 -1.08266 0.01135 0.59094 -1.14581
0.26667 0.13330 -0.01375 0.34899 0.99807 -0.01505 0.03888 -0.04593 0.01616 0.48253 -1.22406 -0.12688 0.69073 -1.40027 0.05089 0.49373 -1.08280 0.01291 0.59346 -1.14319
0.28333 0.13330 -0.01367 0.34899 0.99808 -0.01479 0.03890 -0.04595 0.01549 0.48204 -1.22393 -0.12843 0.69171 -1.40036 0.05093 0.49067 -1.08294 0.01436 0.59571 -1.14058
0.30000 0.13330 -0.01359 0.34898 0.99808 -0.01454 0.03892 -0.04598 0.01485 0.48163 -1.22380 -0.12981 0.69235 -1.40043 0.05100 0.48780 -1.08309 0.01571 0.59771 -1.13801
0.31667 0.13331 -0.01351 0.34898 0.99808 -0.01429 0.03893 -0.04600 0.01425 0.48131 -1.22368 -0.13105 0.69271 -1.40047 0.05110 0.48515 -1.08330 0.01698 0.59947 -1.13551
0.33333 0.13332 -0.01344 0.34898 0.99808 -0.01405 0.03893 -0.04603 0.01368 0.48110 -1.22357 -0.13215 0.69287 -1.40047 0.05123 0.48274 -1.08358 0.01816 0.60101 -1.13308
0.35000 0.13333 -0.01337 0.34899 0.99809 -0.01381 0.03892 -0.04605 0.01315 0.48100 -1.22346 -0.13312 0.69284 -1.40041 0.05139 0.48058 -1.08392 0.01927 0.60237 -1.13074
0.36667 0.13334 -0.01331 0.34899 0.99809 -0.01358 0.03890 -0.04608 0.01267 0.48099 -1.22337 -0.13397 0.69267 -1.40029 0.05159 0.47867 -1.08433 0.02029 0.60354 -1.12849
0.38333 0.13335 -0.01325 0.34900 0.99809 -0.01335 0.03887 -0.04610 0.01222 0.48108 -1.22330 -0.13470 0.69239 -1.40014 0.05182 0.47700 -1.08481 0.02125 0.60456 -1.12635
0.40000 0.13336 -0.01319 0.34901 0.99809 -0.01313 0.03884 -0.04612 0.01181 0.48124 -1.22325 -0.13534 0.69202 -1.39995 0.05208 0.47556 -1.08535 0.02214 0.60542 -1.12430
0.41667 0.13338 -0.01314 0.34902 0.99810 -0.01292 0.03881 -0.04614 0.01144 0.48148 -1.22321 -0.13589 0.69158 -1.39972 0.05238 0.47433 -1.08597 0.02297 0.60616 -1.12235
0.43333 0.13339 -0.01309 0.34903 0.99810 -0.01272 0.03877 -0.04616 0.01110 0.48178 -1.22318 -0.13637 0.69108 -1.39947 0.05272 0.47329 -1.08664 0.02373 0.60676 -1.12050
0.45000 0.13340 -0.01304 0.34904 0.99810 -0.01252 0.03872 -0.04618 0.01079 0.48213 -1.22316 -0.13677 0.69055 -1.39920 0.05309 0.47243 -1.08737 0.02444 0.60726 -1.11874
0.46667 0.13342 -0.01299 0.34906 0.99811 -0.01233 0.03868 -0.04620 0.01051 0.48252 -1.22315 -0.13712 0.68998 -1.39890 0.05350 0.47175 -1.08815 0.02509 0.60767 -1.11707
0.48333 0.13343 -0.01295 0.34907 0.99811 -0.01215 0.03863 -0.04622 0.01025 0.48295 -1.22315 -0.13741 0.68938 -1.39859 0.05395 0.47121 -1.08898 0.02568 0.60800 -1.11550
0.50000 0.13344 -0.01291 0.34909 0.99811 -0.01197 0.03858 -0.04624 0.01002 0.48340 -1.22315 -0.13766 0.68877 -1.39827 0.05444 0.47082 -1.08986 0.02621 0.60825 -1.11402
0.51667 0.13346 -0.01287 0.34910 0.99812 -0.01180 0.03853 -0.04625 0.00981 0.48386 -1.22316 -0.13786 0.68814 -1.39793 0.05497 0.47055 -1.09079 0.02669 0.60844 -1.11262
0.53333 0.13347 -0.01284 0.34912 0.99812 -0.01164 0.03848 -0.04627 0.00961 0.48434 -1.22317 -0.13803 0.68749 -1.39759 0.05554 0.47041 -1.09176 0.02711 0.60859 -1.11132
0.55000 0.13348 -0.01280 0.34914 0.99812 -0.01148 0.03843 -0.04629 0.00943 0.48481 -1.22318 -0.13817 0.68684 -1.39724 0.05616 0.47038 -1.09279 0.02747 0.60869 -1.11011
0.56667 0.13349 -0.01277 0.34915 0.99813 -0.01133 0.03838 -0.04631 0.00926 0.48528 -1.22319 -0.13828 0.68618 -1.39689 0.05682 0.47047 -1.09387 0.02777 0.60876 -1.10898
0.58333 0.13351 -0.01274 0.34917 0.99813 -0.01118 0.03833 -0.04632 0.00911 0.48574 -1.22320 -0.13837 0.68550 -1.39654 0.05755 0.47066 -1.09500 0.02801 0.60881 -1.10795
0.60000 0.13352 -0.01271 0.34919 0.99813 -0.01104 0.03827 -0.04634 0.00896 0.48619 -1.22321 -0.13844 0.68483 -1.39619 0.05832 0.47095 -1.09620 0.02820 0.60884 -1.10701
0.61667 0.13353 -0.01268 0.34920 0.99813 -0.01090 0.03822 -0.04635 0.00882 0.48662 -1.22321 -0.13849 0.68414 -1.39583 0.05916 0.47135 -1.09745 0.02832 0.60886 -1.10615
0.63333 0.13354 -0.01265 0.34922 0.99814 -0.01077 0.03817 -0.04637 0.00868 0.48702 -1.22320 -0.13852 0.68345 -1.39548 0.06005 0.47183 -1.09876 0.02838 0.60888 -1.10539
0.65000 0.13355 -0.01263 0.34924 0.99814 -0.01064 0.03811 -0.04639 0.00855 0.48740 -1.22319 -0.13854 0.68275 -1.39514 0.06100 0.47241 -1.10013 0.02838 0.60891 -1.10473
0.66667 0.13357 -0.01260 0.34925 0.99814 -0.01052 0.03806 -0.04640 0.00842 0.48775 -1.22318 -0.13855 0.68204 -1.39480 0.06201 0.47306 -1.10155 0.02832 0.60893 -1.10415
0.68333 0.13358 -0.01258 0.34927 0.99814 -0.01040 0.03801 -0.04642 0.00829 0.48806 -1.22315 -0.13855 0.68133 -1.39447 0.06307 0.47379 -1.10302 0.02820 0.60897 -1.10366
0.70000 0.13359 -0.01256 0.34929 0.99815 -0.01028 0.03795 -0.04644 0.00816 0.48835 -1.22312 -0.13854 0.68062 -1.39414 0.06418 0.47459 -1.10454 0.02803 0.60903 -1.10326
0.71667 0.13360 -0.01254 0.34930 0.99815 -0.01017 0.03790 -0.04645 0.00804 0.48860 -1.22308 -0.13852 0.67990 -1.39383 0.06533 0.47545 -1.10610 0.02780 0.60909 -1.10295
